5203828273
5750914919
4777817887
6035872082
5650396773
6401952734
2999662914
6325068386
3825332406
371263894
4568630521
3405618667
4778845442
5578556129
5836869368
3183403065
2992873140
4367208330
3104101863
4795326392
5422546686
5668114043
2440500124
3317771874
4365819446
4523856444
4165164803
5012222382
4582358979
4034681630
3310460039
4434528807
3240075297
3645347821
5148099079
4807308814
4990998060
5252919404
5479908441
3359505957
4373419003
5166944221
3876150506
3754482795
3150475059
3457700596
3494556606
4839802560
3476371299
4348829796
3365661357
4851783408
4931927012
5677613211
4019583467
5661134200
5156590883
4293374620
5717515541
184199275
6707924214
4908792642
4867536568
5972059550
4730278139
5686465822
3032132418
5747480325
5361859890
6074594363
1000233041
321778215
88070565
903807016
1176784616
1659645941
601130232
1235188606
1831550657
117307972
1775919872
848145103
1686885941
1202096104
1008451066
1526814825
1278035280
1516533665
2380077519
2294168059
66654135
383310974
2239430935
1415710834
1489026993
111958650
2619619496
2549475383
1214576306
1720936166
2655311011
855385310
274816972
605887098
2711375305
1230230722
1390601379
2274830359
2404080894
1119466531
2471084
1037979853
107172930
1316421563
1424449565
1198533421
110181652
225431369
1294246302
1168263273
581471540
6764180126
6594435384
6931042565
6906326545
6705549208
6624299680
2955322961
3808081382
2936053166
3508322461
210851291
3990106548
245662005
13058
289185728
572803727
5430301679
4724071612
3647333358
495693931
4991821731
5569032992
1016936714
1782832995
3808223175
972475338
6331902150
1709917610
2729513759
4342047058
2956631811
156639
65241
65510
78351145
2628404708
6417564879
6894451805
6215464786
7018190066
1499870257
6112350547
3267012194
4540138978
3317679266
5361032378
4864117649
985731078
5866227438
3541611379
703124385
7091388561
4883092215
16680835
1998835206
3734304510
297557386
44636121
5997482110
5709370512
4117341804
1701332290
5216419122
2820580801
6596003198
5844427042
3347455347
1490130369
3746418487
3191268194
5368049731
187796008
3717264063
7102001284
5372679817
4659996100
1001911915
5254920366
5232746563
4579085368
47545
5451143054
6651419739
3626363135
5354625397
4161745937
7287667070
5930631145
2082205150
6052033819
7296012067
5277534513
7225965850
1180904734
6756890519
6843919861
6081694032
6655326572
4380827064
4734602456
6840797264
5349377275
6130409592
6506286476
2998479360
4249995713
3613283495
5362112758
119460199
2654849480
6731755890
6786925795
6731751178
6826896401
5409827364
6534381508
7099263384
3975439334
2440747676
1691015754
1615582368
1615336946
3680191187
2721903686
3818155097
6976918201
5001998742
5295074138
7292782718
7292781902
6078904844
193773984
5699726867
6042502542
7229503125
6678626831
6569434281
4778836141
5149414121
6790081571
5693153729
3485003423
2935295205
2929256829
4594955504
5994299007
3833818265
2984029713
4744242199
6899365225
5069436117
4351386543
1554612201
5049492946
574813688
3083460315
887403347
4540132962
174252938
6934615886
357845056
4694219939
4703005655
5673322995
5673638520
5839035797
5854268910
5907218889
5961021075
6134353151
6275885379
6353011601
6442160070
6537608978
6573578541
6899693468
7204920390
5788217981
5418477508
2618178982
135387899
142071669
5752062456
6442728358
7103258652
4117341881
6153903142
3461875920
7008949188
5148575671
5216095136
2673798315
2042345357
7227282574
3431515417
6928142357
5196966160
4850768129
5780364934
2578682540
5279337001
5358615092
1285891599
