13822889
142823291
185655149
263761432
277751860
286090429
306964494
399595838
537413528
568350650
606849621
654732683
735030788
863266079
891852901
920587237
1469741281
1537690962
1554960397
1962086868
2338325648
2414851778
2432005634
2534724415
2727067538
2753915549
2768379856
2788229376
2809202155
2866967438
3101667897
3233893879
3260590327
3339374541
3351674303
3398014311
3457390032
3475397644
3663340706
3738091713
3840352284
4282985734
15101393044
16732694052
13772394625
17625359962
16389395869
18901165922
4872321990
5233782396
5116869569
7732789524
4924922222
18668065416
10515146389
13076380114
9049840490
13775256536
4639625707
16146832113
17017769292
8304191830
7711635737
12411473842
4623386862
8054462345
6403373529
13827198708
15696848933
6243699076
16454399300
6516141723
8737899170
12407250267
6137321701
4448566543
4580204640
12931609417
6872265039
11765402359
14518422161
6737970321
4996049426
6938803436
13127800756
11329389795
8712817601
12640491155
8481844229
9865958871
14943334555
13864661000
14448662003
7041939546
15235397483
15846919378
8884433153
12434172731
15002061926
10704789056
10253248401
6205205961
8204899140
9224601490
6447798030
9346039031
13967668166
9285238704
12355337193
8908228901
14004668761
14259168147
16480898254
11276071411
4468711919
16426795556
14970015233
12177325772
16617611748
93787311916283
14184086618
14055498520
17450551531
13621938427
16510724413
7830150255
16721806812
15535115259
11523257493
116605585218149
18799085098
16116270224
5130598377
96664218814564
13924946576
8571687919
10449761463
4520749081
17046374415
12886143095
11158043705
8534845015
9391468976
13379208636
15532962292
16560655288
11815767793
12699642568
138837502355157
9872472334
